40 24 4 30
0 1 0 3 11 0
0 1 0 3 7 0
0 1 0 3 9 0
0 1 0 3 7 0
0 1 0 3 7 0
0 2 5 7 13 0
0 2 11 13 17 0
0 2 7 9 17 0
0 2 9 11 21 0
0 2 5 7 15 0
1 1 0 3 11 0
1 1 3 5 11 0
1 1 0 3 9 0
1 1 0 3 7 0
1 2 5 7 13 0
1 2 7 9 15 0
1 2 7 9 17 0
1 2 9 11 19 0
1 3 11 13 19 0
1 3 9 11 19 0
1 3 7 9 19 0
1 3 13 15 21 0
2 1 0 3 9 0
2 1 0 3 9 0
2 1 0 3 11 0
2 1 0 3 7 0
2 2 5 7 11 0
2 2 9 11 15 0
2 2 9 11 19 0
2 2 5 7 17 0
2 3 5 7 15 0
2 3 7 9 17 0
2 3 9 11 15 0
2 3 13 15 23 0
3 1 0 3 13 0
3 1 3 5 13 0
3 1 0 3 9 0
3 2 7 9 15 0
3 2 7 9 15 0
3 2 7 9 17 0
