40 24 4 18
0 1 3 5 9 1
0 1 0 3 9 1
0 1 0 3 7 1
0 1 0 3 6 1
0 1 3 5 8 1
0 2 9 11 12 1
0 2 11 13 13 1
0 2 9 11 13 1
0 2 9 11 13 1
0 2 9 11 13 1
1 1 0 3 6 1
1 1 3 5 8 1
1 1 0 3 6 1
1 1 3 5 6 1
1 2 7 9 10 1
1 2 7 9 10 1
1 2 7 9 10 1
1 2 7 9 10 1
1 3 9 11 13 1
1 3 11 13 15 1
1 3 9 11 15 1
1 3 7 9 11 1
2 1 0 3 8 1
2 1 0 3 7 1
2 1 3 5 12 1
2 1 0 3 6 1
2 2 7 9 12 1
2 2 9 11 12 1
2 2 7 9 10 1
2 2 11 13 14 1
2 3 17 18 18 1
2 3 15 17 18 1
2 3 11 13 16 1
2 3 11 13 15 1
3 1 0 3 6 1
3 1 0 3 7 1
3 1 0 3 6 1
3 2 7 9 10 1
3 2 9 11 13 1
3 2 9 11 13 1